100   1044   783   51400
100   1002   774   57100
100   1125   918   64900
100   955   789   40300
100   937   750   45900
100   1162   1071   36600
100   1073   948   36800
100   1234   978   37200
100   977   771   33800
100   985   744   38400
200   2608   2190   81100
200   2573   1950   77600
200   2246   1617   71600
200   2379   1872   62300
200   2479   1779   16500
200   2460   1791   24700
200   2441   1848   12900
200   2388   1719   15400
200   2420   1740   12900
200   2426   1842   13300
300   5380   4746   24700
300   3993   2640   21900
300   4087   3096   21900
300   3897   3267   21700
300   3943   2796   22300
300   3620   2619   36000
300   3743   2811   20900
300   4002   3399   28800
300   3848   2997   30100
300   3675   2802   25400
400   5615   4329   36600
400   5789   3867   35300
400   5354   4065   31100
400   5748   4269   30000
400   5538   4263   30400
400   5648   4512   30600
400   5831   4668   31200
400   5193   4062   28700
400   5527   3837   29500
400   5531   3711   37800
500   7003   5277   40100
500   6847   5445   37100
500   7149   5526   37900
500   7036   5064   38900
500   6898   4581   41900
500   7560   6081   37800
500   8055   5610   41200
500   6654   5346   37300
500   7860   5349   38100
500   6882   4782   36700
600   8828   6789   47800
600   8899   6816   47400
600   9090   7443   47900
600   9192   6612   49800
600   8744   6681   47500
600   8459   6303   45500
600   9004   6870   47000
600   8690   6285   47200
600   8751   5994   48000
600   8548   6141   48000
700   10008   7422   53300
700   9978   7530   54900
700   10246   7422   55500
700   10814   8733   56500
700   9983   7101   55300
700   10267   7197   53600
700   10362   7752   55700
700   10429   7269   55100
700   10557   8253   54900
700   10435   7902   76500
800   11820   8715   62900
800   13889   10311   74600
800   12657   9444   65400
800   12440   9681   64500
800   13013   9129   65300
800   14435   10197   115900
800   11432   8145   63800
800   12675   9567   66200
800   12842   10155   65100
800   12403   9201   73000
900   14062   10338   1704100
900   14335   9780   75100
900   15884   12459   77800
900   14305   10359   74000
900   13781   10890   88400
900   13980   10776   78700
900   14670   11496   77000
900   13950   10674   71700
900   13726   9939   66900
900   13220   10122   65700
1000   16360   10908   75700
1000   15936   11622   76700
1000   17741   12045   78000
1000   16718   11931   76900
1000   14839   11349   78600
1000   16142   12660   77900
1000   15365   11991   75000
1000   17123   13101   79800
1000   16606   10707   77400
1000   16994   12798   80000
1100   17560   13005   86000
1100   19238   15639   87000
1100   17306   13122   87500
1100   18365   11826   89300
1100   18513   14670   88100
1100   18855   14871   89300
1100   18486   13695   87800
1100   17785   13215   84600
1100   20117   16065   87100
1100   17824   13266   84600
1200   19309   14046   110400
1200   20103   14322   114000
1200   20992   16251   96800
1200   22440   18180   94500
1200   18882   14409   116100
1200   19965   14874   95300
1200   22105   17550   94600
1200   19880   12597   94600
1200   19944   15372   94500
1200   19518   14916   94200
1300   24133   17751   101800
1300   21752   16473   99100
1300   24503   18027   121900
1300   22191   15981   103900
1300   21920   16473   100700
1300   20887   15852   99900
1300   22330   17238   101600
1300   20659   15315   100100
1300   21149   14772   102700
1300   21338   16035   98700
1400   23634   17448   110900
1400   25838   18288   113100
1400   23500   17628   110900
1400   24838   19971   111500
1400   25881   21084   111500
1400   23866   16491   108900
1400   23210   17124   109800
1400   23317   17397   107500
1400   23328   18660   122400
1400   23536   18549   114200
1500   28427   22080   128300
1500   26371   17754   119500
1500   26110   19524   119000
1500   25183   18030   117900
1500   25063   18000   364400
1500   26108   17658   283000
1500   26768   17640   121800
1500   24890   18360   119000
1500   26349   20511   121000
1500   24816   17607   118700
1600   28962   20733   129600
1600   30963   22602   134100
1600   27043   20763   125500
1600   27396   20172   124600
1600   27856   18039   126800
1600   27499   19131   140200
1600   26590   19008   126600
1600   27950   18495   125000
1600   29381   20295   172000
1600   28818   21069   156500
1700   29584   22467   171400
1700   31084   20949   141200
1700   29034   20589   139100
1700   33031   25068   141300
1700   30485   23496   138100
1700   31470   23076   135400
1700   31032   23745   135200
1700   30092   20805   135600
1700   29317   22098   139900
1700   29328   20409   137500
1800   32611   24450   146400
1800   30982   22392   144500
1800   32940   23043   146000
1800   32728   25860   144400
1800   31697   25056   178300
1800   32086   21294   198800
1800   34620   26295   281700
1800   30911   21300   163100
1800   34202   21480   170300
1800   32827   23223   150800
1900   34793   25788   152600
1900   34186   24453   152500
1900   33607   24411   205800
1900   31945   23211   150400
1900   34066   26070   173500
1900   35139   26775   154000
1900   33307   24579   146500
1900   34532   27123   146900
1900   35859   23472   148600
1900   32175   22635   145400
2000   36079   25194   163100
2000   36296   28425   165300
2000   36638   26004   155500
2000   34026   23787   151600
2000   34517   26028   151300
2000   34816   24453   151500
2000   36244   25005   155200
2000   34482   23517   147800
2000   38903   25851   156600
2000   37970   30528   155700
2100   39254   29193   173000
2100   37605   26766   163000
2100   38854   27453   165100
2100   36322   28395   164200
2100   38491   29073   162900
2100   36517   26394   162900
2100   38577   29415   163500
2100   39217   29883   164900
2100   37102   27285   180000
2100   39038   27714   164500
2200   39125   27183   168000
2200   41014   29538   172200
2200   37725   26928   190900
2200   38587   27153   167700
2200   40673   32697   171100
2200   41495   31179   170300
2200   40318   27726   184400
2200   37814   26685   173000
2200   40995   31701   173400
2200   39086   29739   168100
2300   40347   27072   174400
2300   47499   35307   183700
2300   41035   30288   180100
2300   41338   31431   177200
2300   42793   29298   180600
2300   44383   34956   180900
2300   45630   34206   186100
2300   41732   30606   181300
2300   42098   29103   177000
2300   42314   32082   182200
2400   43210   32385   186600
2400   42994   31782   188000
2400   44073   32061   185400
2400   43974   32436   201100
2400   45949   35004   190100
2400   44126   33306   191200
2400   44662   33825   195500
2400   43724   27606   188100
2400   45170   34872   194800
2400   45532   35814   193600
2500   47241   34284   594700
2500   47757   35181   242100
2500   45235   31725   310200
2500   47486   33048   196600
2500   54501   39234   366600
2500   43285   30951   232300
2500   49245   38520   208200
2500   44765   32958   199200
2500   45998   30564   1153700
2500   47292   36180   204800
2600   50817   38343   209000
2600   51346   36054   470500
2600   45716   31887   242500
2600   49107   36630   388100
2600   46767   34167   1121800
2600   48385   34695   231400
2600   47002   34722   224400
2600   49628   34815   2546000
2600   48005   35628   211700
2600   48693   36465   231100
2700   49697   36054   266100
2700   49914   35031   255900
2700   52106   34323   371600
2700   50084   35118   232300
2700   56241   44187   309800
2700   52868   39951   220600
2700   49949   32559   249500
2700   50270   34272   238600
2700   48900   34266   403200
2700   50764   38763   239000
2800   55682   39780   344600
2800   51361   37620   221900
2800   50864   36882   220200
2800   50962   37521   227500
2800   59697   38772   432600
2800   52974   37449   275900
2800   55927   42636   246500
2800   53865   41871   260800
2800   56234   41595   240600
2800   50003   34413   261600
2900   55096   39228   246900
2900   56833   39648   268700
2900   59031   42396   246600
2900   62484   46005   314400
2900   54785   42306   275900
2900   58577   40353   248000
2900   53703   38673   249100
2900   53629   39153   244900
2900   52592   39420   291800
2900   53014   36345   285100
3000   57158   42585   281700
3000   60492   43665   629700
3000   59564   42666   261600
3000   59627   46299   261900
3000   57428   40578   254400
3000   53641   39441   253400
3000   57235   44136   256000
3000   62718   47547   263800
3000   55884   40131   283200
3000   62369   45531   300300
3100   60558   45030   358600
3100   58124   45876   400800
3100   59814   41955   323900
3100   56707   41106   266400
3100   59504   44823   268400
3100   57547   40533   331000
3100   59462   45924   357300
3100   61962   47751   273400
3100   64214   43017   278600
3100   65620   53556   289900
3200   60474   44727   289200
3200   66007   50745   293800
3200   64039   45183   272500
3200   58143   42621   272900
3200   61799   44664   277500
3200   63265   45423   331900
3200   63584   48183   306900
3200   61906   45564   277200
3200   64249   46902   278400
3200   61420   43410   271900
3300   62303   43770   287600
3300   66029   51288   281600
3300   62871   44016   282000
3300   65191   46554   411900
3300   61526   44730   287300
3300   63620   46863   309800
3300   68070   52662   327500
3300   68558   49950   317300
3300   64636   45570   330000
3300   63318   44598   284200
3400   65279   44040   314400
3400   63881   46986   345500
3400   63254   47001   380300
3400   67373   52248   1231600
3400   69026   45567   311200
3400   64156   48885   328200
3400   65061   44463   324000
3400   70928   55257   337100
3400   64426   48195   290000
3400   64786   46980   296400
3500   65111   46128   361500
3500   71930   51567   315200
3500   72102   46389   365200
3500   67983   50805   317000
3500   65953   47916   352600
3500   70551   49761   311500
3500   63837   46602   298300
3500   72601   54720   305500
3500   70264   55569   301000
3500   66415   49020   332800
3600   73557   56967   325900
3600   72225   50556   341400
3600   81357   64632   390700
3600   72080   54465   327700
3600   73372   55080   335700
3600   72162   54786   313100
3600   70587   51966   315900
3600   69804   48888   301000
3600   70823   52929   307800
3600   73920   53031   312800
3700   71380   51405   318800
3700   73077   55467   315500
3700   72643   56799   318500
3700   68340   51246   314400
3700   71037   51396   317300
3700   77293   55614   325000
3700   68488   49518   312700
3700   71942   48456   329000
3700   71777   51030   343800
3700   70514   50040   311500
3800   74065   55782   326500
3800   73227   55482   329100
3800   76722   51663   336300
3800   74362   57750   331800
3800   71258   49173   329100
3800   74149   56031   330800
3800   79040   57534   339100
3800   75360   54120   327300
3800   72408   53175   328400
3800   80024   51039   334000
3900   78333   60099   339700
3900   77755   58368   338700
3900   73192   53334   334800
3900   75136   51246   332700
3900   77371   58113   422200
3900   75840   55872   480600
3900   75197   53937   330400
3900   78927   53550   343300
3900   74527   55878   342300
3900   76799   59382   342000
4000   78799   58635   1573500
4000   80944   58140   452200
4000   78582   56619   516000
4000   81918   62184   381600
4000   80297   59601   354500
4000   82504   60324   377100
4000   79363   62151   420800
4000   74931   54522   345500
4000   77206   53781   342500
4000   80074   58587   352300
4100   80227   58326   363700
4100   86675   63789   375100
4100   89440   69717   392700
4100   78682   56082   372900
4100   78704   57957   373800
4100   80102   57870   355300
4100   81244   58131   369100
4100   85209   63726   391100
4100   77760   58026   363600
4100   75927   54087   346400
4200   79860   55938   443500
4200   84373   65037   384800
4200   83715   63633   380600
4200   80950   56928   379400
4200   80113   58641   665000
4200   83601   63777   375200
4200   84842   61944   362300
4200   85105   64254   517900
4200   85614   65175   409500
4200   89409   63318   372500
4300   89961   59676   399600
4300   81080   58725   368400
4300   89037   62691   384800
4300   82449   60675   451100
4300   84286   60291   381100
4300   90111   64335   441400
4300   79769   57387   378900
4300   80569   55542   366500
4300   85950   65139   375200
4300   86816   64050   463000
4400   84733   63057   393400
4400   88561   68745   401100
4400   85022   63687   456400
4400   85498   60771   412500
4400   92407   70110   421800
4400   92726   72828   422700
4400   97732   68928   421800
4400   87525   64017   407100
4400   88053   65751   393600
4400   87861   63159   391900
4500   86453   66783   425600
4500   88683   59448   424900
4500   94140   71319   395600
4500   95124   71688   401200
4500   90003   69159   399200
4500   85800   61143   398400
4500   91716   61899   393400
4500   91425   61617   389100
4500   88341   65436   396800
4500   95949   76056   407900
4600   99096   76560   409300
4600   92883   67785   420500
4600   92210   68712   411200
4600   96939   74682   414100
4600   87870   64182   478100
4600   90317   65583   441500
4600   94577   67479   414300
4600   95649   71121   427600
4600   97791   72837   1847700
4600   92227   69009   411100
4700   99507   74904   415800
4700   97050   70602   1200800
4700   90973   67230   429500
4700   93907   66804   902900
4700   93252   71001   418500
4700   98832   74727   435300
4700   91927   66609   992300
4700   96077   69948   419700
4700   88129   60243   464200
4700   94277   68097   422700
4800   98550   72147   435800
4800   95112   70452   463600
4800   99992   77352   1194100
4800   99979   74751   1082500
4800   100276   77820   428400
4800   107205   84651   516200
4800   97615   69690   429200
4800   95524   70716   428700
4800   95431   71094   430200
4800   95834   75579   421600
4900   101308   75567   461500
4900   93544   66849   809900
4900   106663   75498   448400
4900   109273   80406   946800
4900   102254   78237   448800
4900   105261   80382   1369300
4900   105985   72627   515600
4900   93811   69450   429000
4900   110492   85416   451500
4900   96710   67080   422600
5000   100428   73623   474300
5000   103211   71973   825300
5000   104505   70422   479300
5000   100218   75300   518000
5000   100350   74046   454200
5000   101798   69450   1434400
5000   101110   68835   488200
5000   97633   72690   477300
5000   104771   72489   448200
5000   99066   75345   482500
5100   102073   72132   457600
5100   101223   74619   451500
5100   104966   74811   469900
5100   103523   72003   445700
5100   104159   77475   462400
5100   108227   80979   483900
5100   101478   75630   443800
5100   121938   92607   465200
5100   98795   70482   426800
5100   111856   79803   441800
5200   103697   73893   485100
5200   106037   78324   438100
5200   111949   76542   508000
5200   103166   77220   449600
5200   104338   75282   459400
5200   114991   84075   468400
5200   105251   74457   448600
5200   102255   71556   437700
5200   103858   79617   443900
5200   106895   75531   440500
5300   115902   84198   466700
5300   110006   76104   453300
5300   111072   84972   457500
5300   108978   86976   464300
5300   110302   76266   471800
5300   120157   86259   480200
5300   104113   73641   443900
5300   108460   79539   455700
5300   113712   81717   457500
5300   104374   69909   482000
5400   111266   80736   468900
5400   107965   83424   463400
5400   112560   77088   463400
5400   106522   76437   469500
5400   113954   90969   551600
5400   111129   78489   468200
5400   112039   80913   470300
5400   110382   81423   479800
5400   118966   86952   494400
5400   107994   77649   470600
5500   108411   79089   519700
5500   114606   86457   485200
5500   124370   100866   511400
5500   110439   76728   467700
5500   110318   77211   604300
5500   116998   87825   485700
5500   121337   81948   484000
5500   113393   84132   1575200
5500   113351   80979   500700
5500   110201   77433   486200
5600   117440   84396   503300
5600   123964   92895   500900
5600   119317   85425   484900
5600   113797   82995   481100
5600   115212   88128   497100
5600   111166   76842   507900
5600   115994   74814   484300
5600   111492   86061   481300
5600   111898   85644   476000
5600   110177   80184   492500
5700   119955   87831   489200
5700   111904   81687   487200
5700   116837   89985   538100
5700   120618   84603   503700
5700   116033   83544   507800
5700   115710   88887   492300
5700   117350   84813   498500
5700   119319   83421   516300
5700   116002   85533   524300
5700   131699   106647   508300
5800   121972   91731   577700
5800   116923   87228   569500
5800   121963   85743   504400
5800   116755   87147   509800
5800   120840   84831   526300
5800   126427   93618   503500
5800   112914   81255   493100
5800   115174   81459   492200
5800   129852   89517   505300
5800   123387   89337   499800
5900   118915   88194   509300
5900   127150   96066   538600
5900   144752   96723   542700
5900   119672   84651   515200
5900   125926   93102   516100
5900   134518   96273   521400
5900   123616   87006   529500
5900   121376   88854   509400
5900   125145   88194   518600
5900   124102   93348   519900
6000   121698   90366   535000
6000   122776   89733   665300
6000   128374   95004   623000
6000   125527   94305   540100
6000   137012   98832   538500
6000   129196   102384   527200
6000   126780   89145   594500
6000   123975   83103   516100
6000   125433   87327   515800
6000   122868   90951   590300
6100   143950   108969   566200
6100   127669   90762   576500
6100   126723   96450   535100
6100   132005   84369   520100
6100   139543   99222   601300
6100   127082   89823   526800
6100   122773   85383   525300
6100   126406   87816   526300
6100   130981   84276   527500
6100   122829   87339   529700
6200   147729   106398   560300
6200   130305   90081   545000
6200   135809   100743   582600
6200   134205   102081   533800
6200   130379   91974   538400
6200   127104   87732   632300
6200   122349   88299   551100
6200   136293   91614   574400
6200   137257   103197   561900
6200   129390   91380   539400
6300   130575   91845   565100
6300   151337   121779   588800
6300   127139   89973   542100
6300   134620   99867   548200
6300   130937   97377   547700
6300   132125   98394   552800
6300   126694   88815   543400
6300   128902   91317   541100
6300   133544   99372   563000
6300   138025   95151   556200
6400   134701   95853   561100
6400   132452   97203   577800
6400   129965   93942   563300
6400   132274   98790   575200
6400   129778   93402   554800
6400   125840   93744   567100
6400   135202   103716   590900
6400   135896   101457   562500
6400   148733   100503   566700
6400   135290   102645   557800
6500   132287   93546   559500
6500   132297   99255   558500
6500   135604   91350   566100
6500   136881   100194   575900
6500   140941   100866   574500
6500   136524   105921   563600
6500   139359   101124   569300
6500   142772   103761   575200
6500   142296   112236   579500
6500   143054   94215   565100
6600   140774   102009   568600
6600   142932   109407   593900
6600   133118   92580   565000
6600   146138   107433   590300
6600   145575   103233   582700
6600   144780   99144   588300
6600   135482   98364   580300
6600   132606   98781   572300
6600   136078   99717   584900
6600   137578   106377   593900
6700   134891   97653   586700
6700   141988   94737   586800
6700   135987   98310   584200
6700   136949   100701   586900
6700   140666   101190   582500
6700   146586   110712   609400
6700   139147   97278   594300
6700   141260   97467   596500
6700   142534   98346   591100
6700   152305   114945   616300
6800   139721   101967   596800
6800   146933   106296   672300
6800   143202   104124   598300
6800   156936   109980   609000
6800   144068   104889   603800
6800   143027   103767   603800
6800   141759   103992   602100
6800   146581   110484   625100
6800   146985   108234   623800
6800   144274   105660   605000
6900   139606   107691   603000
6900   146988   101016   604200
6900   152431   121029   618100
6900   139876   98145   598200
6900   142306   104412   597800
6900   149394   107301   602100
6900   137801   102630   595200
6900   142912   99924   604800
6900   147101   99894   603200
6900   147631   108468   609000
7000   145810   101010   609900
7000   149427   117576   620000
7000   144917   101841   607200
7000   149560   117711   628400
7000   143428   105663   612900
7000   151726   111231   630700
7000   146629   98472   628700
7000   151179   102783   614700
7000   149884   107031   643700
7000   143808   107247   628400
7100   165054   128007   664200
7100   145997   111786   641700
7100   156087   115365   659400
7100   150333   103089   663200
7100   162473   124110   623200
7100   169537   128271   631600
7100   160299   119181   620000
7100   146906   102897   595600
7100   153636   110343   621400
7100   147819   111297   674900
7200   156658   112938   654700
7200   154422   118950   658500
7200   149722   112479   611500
7200   147059   107664   661900
7200   151992   114789   656000
7200   150020   109743   645400
7200   161552   123771   745600
7200   160562   120324   627200
7200   150644   108981   617000
7200   147531   108831   605100
7300   164242   126438   641400
7300   155031   117582   643100
7300   159182   104250   690500
7300   151287   108312   652800
7300   151293   109449   656600
7300   155561   115236   630100
7300   149242   108951   617000
7300   155152   110613   652400
7300   153691   108174   734400
7300   164137   126048   645800
7400   155093   116529   629700
7400   169839   121383   688200
7400   159603   104817   669700
7400   155409   116025   631800
7400   158775   121110   706900
7400   153189   108882   669600
7400   155730   115194   638100
7400   160355   108912   645600
7400   157062   121269   635600
7400   157291   111777   637900
7500   166841   117096   753200
7500   177781   127491   791400
7500   160213   121311   656900
7500   167691   130413   660900
7500   154856   108948   644500
7500   163501   120330   644800
7500   186254   131376   761000
7500   163120   115263   786500
7500   162783   109062   692300
7500   162172   122865   656300
7600   158916   115116   693100
7600   165922   119685   703000
7600   173144   133077   742600
7600   164230   111021   723000
7600   164435   114990   679300
7600   184209   142998   729100
7600   168561   121641   702500
7600   164868   118671   692400
7600   158861   111858   765900
7600   172061   121113   686700
7700   161559   120216   667900
7700   166911   122370   695100
7700   163167   112590   669600
7700   182105   132393   704500
7700   173622   129207   698800
7700   161967   125772   680800
7700   167644   124179   664600
7700   176450   128745   750800
7700   164853   116631   659000
7700   167459   122217   706800
7800   172824   127818   790400
7800   165845   115374   666700
7800   173004   127239   692600
7800   162569   117900   698100
7800   178379   129153   681600
7800   172405   118356   715100
7800   172651   135327   769400
7800   171346   132831   680100
7800   172561   132021   695900
7800   166203   118302   700700
7900   171050   125172   718900
7900   173357   127515   686000
7900   168175   124989   769800
7900   171476   120324   685200
7900   169517   125823   710900
7900   171581   125124   730000
7900   184644   133932   740800
7900   173012   109089   705700
7900   183216   136578   759000
7900   172557   129474   719300
8000   177685   135969   695800
8000   190611   142455   748700
8000   183425   142605   719800
8000   174201   133677   786500
8000   175515   126441   743900
8000   178372   121977   723800
8000   175162   119604   706400
8000   170944   124953   684100
8000   163676   118923   679300
8000   168386   118362   784000
8100   179607   126324   700800
8100   178284   133812   751000
8100   174293   129903   702300
8100   179414   141894   741700
8100   180269   135462   777100
8100   184292   143502   795700
8100   179640   128925   704000
8100   187971   128376   705600
8100   172973   134484   738700
8100   172884   127959   743900
8200   169938   120321   767000
8200   172927   122601   758600
8200   179360   129192   742900
8200   169836   112173   746500
8200   185047   138450   728000
8200   177456   126069   838100
8200   180095   132885   919400
8200   194369   145368   714100
8200   179321   128199   740600
8200   185494   128028   769100
8300   198762   148041   756000
8300   184515   136788   797200
8300   183843   120537   723200
8300   177653   128061   767900
8300   182531   132498   774700
8300   178091   127026   695300
8300   177271   121023   4006000
8300   180985   126444   2307700
8300   177217   125172   720800
8300   186107   141597   724000
8400   183159   128847   5071200
8400   189166   132561   1287300
8400   192854   138981   769800
8400   192657   151530   766900
8400   177730   123087   787600
8400   185427   118095   4475000
8400   188079   138852   6035300
8400   186156   126120   886300
8400   189234   135549   771000
8400   189118   134589   1779700
8500   189208   144891   748100
8500   201247   158133   820800
8500   185793   129453   786200
8500   186453   143811   2220900
8500   186452   135717   781600
8500   194907   144219   764800
8500   177598   134409   763200
8500   182994   130434   2129000
8500   176104   129975   759400
8500   173388   122019   761500
8600   187851   125376   791900
8600   191095   132024   774600
8600   209290   149445   822200
8600   194279   123342   773600
8600   196914   135342   796700
8600   181363   134151   2361600
8600   187851   137352   2620100
8600   191499   128271   2341000
8600   183878   130830   2260100
8600   183350   131652   802100
8700   201599   157608   817600
8700   185856   141645   2867200
8700   185161   129501   780700
8700   194077   139935   838400
8700   197990   138891   864100
8700   198515   149619   869800
8700   188515   141720   801300
8700   183100   133047   780800
8700   184212   137217   1004500
8700   188099   135960   795300
8800   194480   149478   802800
8800   192253   140109   817800
8800   207793   167073   859400
8800   190843   140517   822800
8800   190227   138168   796300
8800   200960   145362   820700
8800   201328   143502   849200
8800   195662   130914   2484200
8800   200164   150411   833100
8800   190465   139440   1023700
8900   188005   130872   4429300
8900   199433   149412   862800
8900   200107   144741   829600
8900   206252   155538   868200
8900   193040   140610   841900
8900   193083   138117   856100
8900   192364   134403   805000
8900   199484   144858   856500
8900   195836   134301   817400
8900   191259   141777   806000
9000   196917   139110   812500
9000   198894   143265   827400
9000   191619   139845   825800
9000   204252   152139   825600
9000   206075   158151   828700
9000   202155   133122   822900
9000   196729   143190   813600
9000   194820   136494   809000
9000   185931   132546   2425500
9000   205485   154077   830700
9100   199418   139791   819200
9100   207545   147762   824400
9100   196853   150567   837200
9100   191444   135531   819700
9100   203026   144594   830800
9100   197426   139254   820500
9100   200893   142425   865900
9100   194835   140541   817400
9100   206788   150120   827400
9100   201975   151830   2183900
9200   210256   159870   850000
9200   200160   140766   847100
9200   196352   145782   844700
9200   203480   131094   833700
9200   193648   140496   823800
9200   212117   156621   892500
9200   201961   146352   822800
9200   225013   175260   871700
9200   217712   146682   853000
9200   198048   142197   2772700
9300   208347   146145   853100
9300   212804   164247   874100
9300   221880   165690   871000
9300   214224   154923   852800
9300   206516   154857   870500
9300   203009   149976   2766900
9300   197971   143079   835400
9300   212644   159861   881000
9300   214576   165789   852800
9300   197135   146670   876100
9400   206210   143100   838800
9400   201423   143637   855200
9400   217974   156783   888700
9400   226563   165270   878100
9400   207786   154113   868000
9400   202743   149229   850100
9400   202306   141576   848700
9400   199110   135264   907300
9400   212838   159096   863400
9400   197765   141621   1342400
9500   220062   135963   897200
9500   201904   149604   923500
9500   206798   141660   911400
9500   209907   146076   863200
9500   201827   153825   929900
9500   215813   161943   878200
9500   208789   156441   866700
9500   214650   149721   1224200
9500   210713   143805   892700
9500   208180   148428   872100
9600   217407   155244   873900
9600   203461   147069   871800
9600   204259   152403   869400
9600   216450   155877   870700
9600   211087   147246   886100
9600   210120   156909   893100
9600   207194   147024   914400
9600   217510   155523   1284100
9600   209774   154113   999400
9600   224178   160944   905000
9700   206974   141846   908700
9700   207469   148794   929100
9700   220659   142575   903300
9700   212320   149277   916500
9700   227065   158013   888800
9700   211910   159990   957800
9700   224585   149325   1042000
9700   225223   162591   939700
9700   213719   152379   919900
9700   208537   141723   886400
9800   220314   152241   927700
9800   210679   147831   878600
9800   219695   163302   1019100
9800   216356   147387   906100
9800   219984   164598   933200
9800   217707   166506   1045200
9800   219720   170397   951000
9800   221737   169710   957000
9800   221878   166914   907300
9800   207291   150864   929000
9900   218762   163158   904100
9900   224839   147738   900700
9900   238037   184254   935400
9900   238680   165807   939400
9900   218526   151101   927500
9900   222010   158373   938200
9900   216439   156177   941500
9900   224310   172188   1022000
9900   224023   155766   945000
9900   219554   154545   928900
10000   241882   182421   1088300
10000   226193   166290   930000
10000   230372   180111   1051100
10000   232377   169491   978200
10000   229822   171153   953500
10000   227434   173337   957200
10000   223251   165789   1004700
10000   225106   164700   962500
10000   233011   175062   983900
10000   220500   150930   934900
